Y koeffs
shift 0
0.064 0.126 0.024
shift 1
0.128 0.251 0.049
shift 2
0.256 0.503 0.098
shift 3
0.512 1.005 0.195
shift 4
1.024 2.011 0.390
shift 5
2.048 4.021 0.781
shift 6
4.097 8.042 1.562
shift 7
8.193 16.085 3.124
shift 8
16.386 32.170 6.248
shift 9
32.773 64.339 12.495
shift 10
65.545 128.679 24.990
******************************************
Cb koeffs
 shift 0
-0.037 -0.073 -0.109
 shift 1
-0.074 -0.145 -0.219
 shift 2
-0.148 -0.290 -0.438
 shift 3
-0.296 -0.580 -0.876
 shift 4
-0.591 -1.161 -1.752
 shift 5
-1.182 -2.321 -3.503
 shift 6
-2.365 -4.642 -7.007
 shift 7
-4.729 -9.284 -14.014
 shift 8
-9.458 -18.569 -28.027
 shift 9
-18.917 -37.138 -56.055
 shift 10
-37.834 -74.276 -112.109
******************************************
Cr koeffs
 shift 0
0.109 -0.092 -0.018
 shift 1
0.219 -0.183 -0.036
 shift 2
0.438 -0.367 -0.071
 shift 3
0.876 -0.733 -0.142
 shift 4
1.752 -1.467 -0.285
 shift 5
3.503 -2.934 -0.570
 shift 6
7.007 -5.867 -1.139
 shift 7
14.014 -11.735 -2.279
 shift 8
28.027 -23.469 -4.558
 shift 9
56.055 -46.939 -9.116
 shift 10
112.109 -93.878 -18.232

